-100 -68 23
-100 -41 67
-100 -14 78
-99 -37 72
-99 53 75
-99 61 -33
-98 -55 -6
-98 19 -51
-98 93 77
-97 -36 57
-97 9 -46
-97 53 -83
-96 -74 27
-96 8 31
-96 47 67
-96 61 -80
-96 67 22
-96 74 28
-95 -37 -7
-95 37 69
-95 42 -94
-95 55 -72
-94 -82 -84
-94 -79 -53
-94 -69 74
-94 68 -41
-94 79 47
-93 -66 -6
-93 -16 48
-93 -13 5
-93 44 78
-93 66 14
-92 -86 -70
-92 -1 -57
-92 0 -100
-92 8 73
-92 19 38
-92 72 76
-92 77 -93
-92 79 -87
-92 82 9
-91 -93 85
-91 -92 -19
-91 -57 -8
-91 -50 -50
-91 -40 -100
-91 -31 57
-91 -9 2
-91 5 -1
-90 -68 -16
-90 -64 22
-90 -15 82
-90 -12 -43
-90 50 16
-89 -65 87
-89 -61 -89
-89 49 5
-89 91 59
-89 99 -64
-88 -70 38
-88 14 -57
-88 26 -24
-88 39 -49
-88 49 100
-88 62 -91
-88 80 11
-87 -87 1
-87 -35 -35
-87 18 16
-87 32 53
-87 99 -52
-86 -9 -2
-86 76 43
-85 4 27
-85 100 46
-84 -92 58
-84 -46 9
-84 -17 -24
-84 7 79
-84 9 -6
-84 43 -16
-83 -69 -22
-83 -56 48
-83 39 -40
-82 -83 35
-82 -55 -92
-82 13 -65
-82 41 86
-81 -58 9
-81 -26 -16
-81 -20 32
-81 18 63
-81 27 -54
-81 73 98
-80 -99 45
-80 16 52
-80 17 -90
-80 32 55
-79 -48 28
-79 -37 -34
-79 31 -8
-79 69 -53
-78 -13 42
-78 78 -35
-78 87 48
-77 -93 -76
-77 -90 -56
-77 -69 -84
-77 -4 -31
-77 31 -64
-77 49 -52
-77 58 -68
-77 79 -79
-76 -99 -79
-76 -91 -10
-76 -86 -42
-76 -11 27
-76 25 38
-76 27 -70
-75 -84 67
-75 -79 31
-75 -76 12
-75 -39 -46
-75 -22 -64
-75 -5 -97
-75 70 88
-75 89 88
-75 98 46
-74 -2 -76
-74 81 -2
-74 98 70
-73 38 -1
-73 42 88
-73 66 13
-73 75 -30
-72 -95 66
-72 -85 17
-72 -47 -100
-72 -22 1
-72 -18 -18
-72 -13 -14
-72 57 85
-72 62 55
-72 65 -20
-71 -66 0
-71 -32 58
-71 -2 -85
-71 11 96
-71 60 -80
-71 77 65
-70 -98 63
-70 -77 -80
-70 -42 15
-70 94 31
-70 99 44
-69 -81 -7
-69 -71 -33
-69 20 -95
-68 -86 44
-68 -80 -36
-68 -15 3
-68 37 10
-68 43 43
-68 54 87
-68 62 -96
-68 88 20
-67 -84 64
-67 -74 -23
-67 -66 -94
-67 -45 -57
-67 24 -5
-67 40 72
-66 -89 67
-66 -23 34
-66 -22 -30
-66 95 -8
-65 -38 -68
-65 -29 17
-65 28 1
-64 -47 -93
-64 -12 30
-64 22 -54
-64 33 76
-63 -74 -75
-63 -59 -81
-63 -23 28
-63 0 9
-63 24 -83
-63 93 -15
-62 -86 36
-62 -72 -76
-62 5 -98
-62 27 -12
-62 39 2
-61 -3 -51
-60 -28 94
-60 -24 61
-60 -6 -24
-60 73 33
-60 96 1
-59 -29 -27
-59 -28 49
-59 76 31
-59 77 -29
-59 88 85
-58 -81 -77
-58 -35 -35
-58 16 -92
-58 31 -1
-58 41 12
-58 57 95
-58 60 -45
-57 -35 94
-57 14 -63
-57 53 -89
-57 65 -45
-56 -100 80
-56 -79 -6
-56 -23 99
-56 -14 -66
-56 63 -45
-55 -50 0
-55 -34 -77
-55 53 33
-55 67 -48
-55 75 -74
-54 -95 98
-54 -55 -87
-54 -53 92
-54 -46 46
-54 -12 82
-54 5 90
-54 33 -79
-53 -77 -3
-53 -65 -39
-53 -8 76
-53 89 73
-53 98 -50
-52 -84 89
-52 -41 -100
-52 -28 -7
-52 -9 -26
-52 0 -69
-52 67 38
-52 76 -61
-51 -93 12
-51 -61 -98
-51 -20 -86
-51 -4 -58
-51 41 68
-50 -53 -4
-50 -3 -36
-50 15 -5
-50 60 8
-50 94 35
-49 -50 -87
-49 -40 -25
-49 -16 37
-49 48 -64
-48 -90 58
-48 -36 -46
-48 -16 -73
-48 57 32
-48 79 -62
-47 -98 45
-47 -74 94
-47 -69 -66
-46 -90 54
-46 -47 77
-46 82 69
-45 -89 -54
-45 -59 67
-45 28 -7
-45 55 94
-45 65 -55
-45 72 7
-44 -96 -62
-44 -88 -25
-44 -80 -1
-44 -36 -42
-44 36 60
-44 99 -17
-43 -96 67
-43 -80 -5
-43 29 61
-43 97 -27
-42 -98 73
-42 88 60
-41 -54 -10
-41 -32 97
-41 0 -45
-41 12 -49
-41 82 69
-41 86 35
-41 90 -63
-40 -76 -9
-40 -62 -16
-40 -26 39
-40 57 71
-40 100 59
-39 -45 -92
-39 1 -21
-39 35 62
-39 42 55
-39 43 -57
-39 61 61
-38 -83 16
-38 18 -30
-37 -76 -64
-37 -65 -77
-37 2 -32
-37 35 -72
-37 36 19
-36 -95 -26
-36 -91 -79
-36 55 -85
-36 60 -39
-36 81 -52
-35 -50 15
-35 -28 47
-35 -10 -26
-35 0 67
-34 -87 -17
-34 87 33
-33 -90 20
-33 -7 -31
-33 35 99
-33 48 49
-33 94 35
-33 95 82
-33 96 -38
-33 97 51
-32 -73 -70
-32 -37 -56
-32 -26 58
-32 -11 14
-32 17 -61
-32 23 61
-32 67 65
-31 -78 16
-31 -52 -14
-31 -15 -18
-31 25 89
-31 58 25
-31 80 -83
-30 -99 38
-30 -84 84
-30 53 -39
-30 99 -66
-29 -20 23
-29 18 5
-28 -86 35
-28 -65 3
-28 -42 1
-28 -19 -9
-28 0 14
-28 13 43
-28 30 73
-28 79 -47
-28 83 -19
-28 96 -55
-27 -66 -53
-27 -59 -24
-27 15 28
-27 17 28
-27 36 82
-27 54 -9
-27 71 40
-26 -84 69
-26 -35 -77
-26 -19 87
-26 33 64
-26 36 -95
-26 41 32
-26 49 -17
-26 83 -54
-25 -78 100
-25 -77 78
-25 -67 39
-25 22 -30
-25 30 84
-25 31 18
-25 98 -35
-24 -45 10
-24 -34 -92
-24 -7 49
-24 89 70
-24 94 22
-23 -64 -6
-23 -51 12
-23 -1 -96
-23 52 77
-23 56 -71
-23 71 -33
-23 94 -85
-22 -58 -53
-22 -58 46
-22 86 -20
-21 -75 -75
-21 -43 -21
-21 1 -13
-20 -74 -87
-20 8 44
-20 49 57
-19 -21 -36
-19 -19 62
-19 -3 -32
-19 48 90
-18 -19 -33
-18 45 -87
-18 51 -27
-18 71 36
-17 -15 77
-17 51 23
-17 78 -48
-16 -5 77
-16 3 35
-16 4 30
-16 27 -50
-16 65 -20
-15 -64 1
-15 -55 66
-15 -32 72
-15 -30 -87
-15 17 -54
-15 22 -91
-15 45 -61
-14 -100 67
-14 -70 -21
-14 -67 83
-14 66 39
-12 1 -35
-12 26 44
-12 65 69
-12 78 -63
-12 81 -79
-12 93 11
-12 98 4
-11 -98 -97
-11 -76 35
-11 -26 -26
-11 3 -30
-11 54 13
-11 94 -52
-10 -96 97
-10 -41 78
-10 -12 -50
-10 5 -21
-9 -57 0
-9 39 -83
-8 -66 84
-8 -45 3
-8 -16 -60
-8 -6 -92
-8 22 35
-8 23 40
-8 29 7
-8 59 -82
-7 -99 -34
-7 -76 57
-7 -48 -65
-7 -43 -60
-7 -3 -73
-6 -75 -83
-6 -48 37
-6 -40 -55
-6 -17 -68
-6 12 41
-5 -34 3
-4 -86 -53
-4 -38 -7
-4 -18 -52
-4 -14 -35
-4 -10 64
-4 27 57
-4 46 -52
-3 -37 65
-3 -11 -7
-3 38 20
-3 71 -59
-2 -98 -5
-2 -60 -60
-2 -14 -42
-2 -6 81
-2 -1 98
-2 0 -9
-1 -73 -68
-1 -3 -96
-1 46 50
-1 88 -42
0 -84 -30
0 -74 19
0 -67 -83
0 -7 49
0 45 57
0 72 -99
0 94 30
1 -74 82
1 -61 89
1 -57 42
1 -40 51
1 -37 48
1 -36 -95
1 36 11
1 45 -61
1 99 -16
2 50 89
2 68 -83
2 69 -63
2 99 -11
3 -65 -54
3 -2 -73
3 97 66
4 -69 0
4 -26 20
4 -6 80
4 18 54
4 23 1
4 96 44
5 -57 61
5 4 -51
5 12 60
6 -53 -75
6 -7 -38
6 36 -52
6 64 93
7 -48 30
7 -41 -97
7 38 -77
7 41 50
7 63 -11
8 14 -38
8 43 -41
9 -74 -72
9 54 69
9 76 -87
10 13 18
10 94 12
11 -42 21
11 16 11
11 17 62
11 34 16
11 37 18
11 69 78
11 79 -57
12 -76 95
12 -73 -70
12 -40 -23
12 29 25
12 31 -30
12 66 -54
13 -34 94
13 -28 -17
13 -20 -63
13 2 -32
13 71 -11
13 89 49
13 97 -81
14 -92 56
14 -18 -94
14 -12 -27
14 72 -14
15 -55 48
15 37 -43
15 42 -77
15 69 93
16 -71 96
16 -58 -73
16 -19 -60
16 -7 42
16 -6 -64
16 18 76
16 43 -41
16 73 53
17 -74 94
17 -71 -68
17 -44 -4
18 -98 74
18 -81 17
18 -18 -86
18 0 68
18 70 8
18 100 -10
19 20 80
19 49 -65
19 50 4
19 50 66
20 -82 39
20 -69 97
20 -50 -97
20 -22 27
20 31 75
20 97 86
21 -96 -67
21 -14 -64
21 1 11
21 12 17
21 74 -73
22 -65 -77
22 -62 -52
22 -45 81
22 -40 -51
22 15 -96
22 25 -53
22 36 -77
22 61 -70
22 83 15
23 -94 42
23 -87 -23
23 -61 25
23 -44 -75
23 -38 31
23 -14 -92
23 7 -14
23 11 90
23 45 17
23 68 -86
23 84 3
23 85 3
24 -93 -96
24 -83 35
24 -50 -49
24 72 77
25 -98 18
25 -83 -36
25 -34 3
25 -9 -54
25 44 -25
26 -26 71
26 43 13
26 44 -66
26 61 96
26 75 4
26 75 96
27 -48 66
27 -17 -36
27 22 -32
27 43 -99
27 51 6
28 -53 -92
28 21 -75
28 31 -98
28 71 31
28 74 -7
28 82 93
28 96 56
29 8 -90
29 19 90
29 44 82
29 99 -53
30 -86 59
30 33 53
30 81 51
30 88 64
31 -73 -93
31 -72 -6
31 -66 -57
31 -66 11
31 -45 52
31 -34 54
31 -29 5
31 -28 -6
31 -18 55
31 -11 89
31 40 63
31 64 36
32 14 95
32 95 -77
33 2 -1
33 81 99
33 94 -22
34 -74 -38
34 26 -58
34 37 65
34 40 -67
34 65 5
34 74 -89
34 98 -97
35 -53 68
35 29 -38
35 48 -59
35 53 20
35 67 -18
36 -85 11
36 15 -55
36 60 22
37 -78 14
37 -49 99
37 -31 23
38 -50 -84
38 28 -40
38 94 -34
39 -54 -30
39 30 -13
39 53 -27
39 87 97
39 94 -8
40 -66 39
40 -52 14
40 -46 30
40 87 9
41 -93 41
41 -77 47
41 -1 92
41 5 -60
41 53 -81
42 -82 -2
42 -76 -73
42 -69 82
42 91 -66
43 -50 -2
43 -14 27
43 -11 -3
43 -8 -87
43 20 -74
44 -89 -53
44 -79 35
44 89 -72
44 89 -61
45 -61 -99
45 -50 37
45 -25 -2
45 0 -67
45 40 -43
45 59 47
46 -91 41
46 -89 -13
46 -54 -27
46 39 58
47 -16 43
47 53 76
47 100 33
48 -2 20
48 4 81
48 40 28
48 84 -8
49 -99 86
49 -83 53
49 -53 73
49 70 -65
50 -70 -2
50 -60 -91
50 -59 100
50 30 -32
50 55 -68
50 75 38
50 77 -82
51 -88 5
51 -84 -37
51 -64 -7
51 -61 77
51 -59 -16
51 -44 4
51 28 -2
51 40 -34
51 75 -62
52 -95 -47
52 -85 -43
52 -82 -22
52 78 -70
53 -84 -73
54 -87 -78
54 -44 -47
54 -23 6
54 -9 -30
54 65 -24
54 73 -55
54 97 28
55 -80 -91
55 -63 -83
55 -19 -92
55 30 48
55 51 -39
55 72 -94
55 80 -99
56 -78 -29
56 -60 -76
56 -46 73
56 -41 69
56 1 -66
56 17 87
56 76 -93
57 -66 -3
57 -34 49
57 -22 -97
57 -20 -36
57 -7 27
57 12 -65
57 16 59
57 19 82
57 54 17
57 74 -63
57 80 -61
57 93 10
57 96 74
57 99 -83
58 76 30
58 82 -63
59 -93 68
59 -42 -10
59 -29 -26
59 0 -100
59 8 -64
59 12 37
59 29 41
60 -79 69
60 -36 75
61 -100 -73
61 -3 -95
61 28 -78
62 -38 46
62 47 35
62 57 86
62 96 -85
64 -95 2
64 -85 98
64 -45 -12
64 34 -78
64 65 -72
64 92 -22
65 33 -70
65 75 -62
65 86 -38
66 -47 34
66 27 -45
67 -71 1
67 84 -7
68 -86 34
68 -49 -56
68 -35 -72
68 3 69
68 39 -36
68 53 22
68 78 78
68 80 53
69 -70 -28
69 -67 -7
69 -57 48
69 5 8
69 37 43
69 60 88
70 -67 82
70 -57 84
70 -29 -19
70 70 23
71 21 -38
71 47 -85
72 -100 -83
72 -82 -86
72 -26 66
72 -13 52
72 24 -10
72 32 84
72 56 61
72 66 18
72 100 45
73 -70 -85
73 -7 -76
73 3 -84
73 3 -7
73 7 -57
73 43 -70
73 86 -98
73 98 0
74 -73 -36
74 -66 52
74 -22 38
74 -20 -89
74 -16 -5
74 -11 -40
74 48 31
74 92 -58
75 -31 -66
75 56 -12
75 72 16
75 84 -46
75 90 -75
76 -78 13
76 -47 -23
76 -37 -70
76 26 -3
77 -68 94
77 -40 -27
77 85 -58
78 -94 53
78 -84 21
78 -51 49
78 2 84
78 10 69
78 34 -26
79 -75 53
79 -73 7
79 -16 -42
79 -7 -24
79 2 -48
79 4 56
79 7 -34
80 -100 -38
80 -94 -25
80 -72 41
80 7 95
80 49 -3
80 85 51
80 88 -17
81 -44 -6
81 -38 -98
81 -2 32
81 18 -21
81 25 -7
81 69 100
82 -94 -23
82 -56 -19
82 -38 29
82 18 32
82 30 -44
82 50 34
82 52 -9
83 11 -31
83 32 -88
83 32 25
83 45 -79
83 63 53
83 74 -43
83 91 25
84 -83 -80
84 -81 55
84 15 -2
84 28 -36
84 100 92
85 -84 23
85 -73 -77
85 15 -57
85 94 77
86 -96 7
86 31 -9
86 45 -3
87 -73 89
87 -7 -90
87 -3 45
87 -1 -73
87 39 -43
87 46 22
87 89 30
87 96 -77
88 -50 6
88 -45 10
88 -33 66
88 -24 -7
88 -6 -54
88 7 -79
88 46 -76
88 48 -99
89 -99 -51
89 13 51
89 54 -29
89 74 24
90 -63 6
90 -53 39
90 0 -59
91 -81 -32
91 78 -45
92 -51 -73
92 -11 90
92 36 83
92 68 -59
92 87 -31
93 -65 -58
93 4 98
93 16 -7
93 37 -72
93 41 77
93 48 80
93 54 -22
93 61 -9
94 83 86
95 36 77
96 -96 19
96 -52 85
96 -32 60
96 -21 -77
96 -17 22
96 25 66
97 -86 73
97 23 -85
97 35 93
98 -36 -47
98 -13 52
98 9 -60
98 23 97
98 60 75
99 -31 65
99 37 11
99 58 62
99 68 39
100 -14 23
100 -1 -42
100 -1 60
100 18 66
100 45 -79
100 55 27