-99 -44 -35
-99 69 79
-92 -9 -68
-92 54 -29
-91 -85 43
-91 -16 86
-91 91 2
-90 14 23
-89 -90 -29
-89 28 56
-84 63 -94
-83 84 92
-78 -8 73
-76 83 5
-75 5 89
-71 -72 -68
-71 61 -58
-70 91 20
-68 81 10
-63 -20 17
-60 -31 66
-59 91 76
-57 77 97
-56 -95 73
-50 -84 -30
-49 -50 23
-49 55 83
-48 -25 91
-47 23 -66
-45 -75 12
-45 -65 82
-45 9 65
-44 -10 -37
-44 27 -64
-42 35 -69
-38 100 62
-36 65 89
-35 56 30
-33 3 58
-32 91 96
-31 -52 12
-26 -33 65
-24 -25 54
-22 -55 -4
-20 -88 -52
-16 37 7
-15 31 -9
-15 85 -74
-14 -21 5
-12 -23 -64
-7 68 -55
-5 67 12
-3 80 -28
0 -51 -64
2 43 10
4 34 53
5 60 81
8 -11 11
12 -88 -10
15 -84 -24
17 96 -44
21 -38 94
29 86 -57
30 -25 99
32 -65 -15
33 -83 -84
37 -87 -17
37 -80 63
38 91 -8
39 -49 -52
43 -11 -4
44 13 55
44 92 47
48 19 -4
48 38 36
49 -73 -17
50 83 -31
52 75 49
57 6 63
62 52 83
67 -44 -47
68 69 -73
71 -74 17
75 11 86
75 80 57
76 -79 -77
78 23 17
78 93 -75
83 65 -93
86 -11 -81
87 -6 -8
91 -15 -37
93 -100 -30
94 27 -92
94 93 76
95 -52 -1
95 85 -58
98 54 -66
99 88 1
100 -79 -31