-100 -70 -20
-100 77 -90
-99 -84 -83
-99 -62 -54
-99 -37 95
-99 1 -2
-98 -6 0
-98 44 99
-97 -98 -59
-97 -5 4
-97 61 -87
-96 23 -82
-95 -83 2
-94 10 69
-94 36 -31
-93 -66 -91
-93 -34 -58
-93 -34 87
-93 34 -87
-93 55 64
-92 10 64
-92 67 -77
-91 67 86
-91 80 -37
-90 -67 28
-90 -31 45
-90 -2 -8
-90 76 3
-88 -55 -58
-87 -97 88
-87 -57 91
-87 -51 -34
-86 -49 87
-86 -23 42
-86 21 81
-85 1 73
-85 93 26
-84 48 -64
-84 73 -5
-83 -24 46
-83 19 -40
-82 -30 -7
-81 -73 -46
-81 0 -92
-80 -54 -61
-80 64 -7
-79 -35 -28
-79 -28 -38
-78 -23 -84
-78 -9 -80
-78 17 36
-77 -87 95
-77 -82 -15
-77 -65 -19
-77 -34 23
-77 -8 -50
-75 -68 -13
-75 -21 -37
-75 74 -58
-74 -28 18
-74 -7 60
-74 24 -71
-74 90 46
-73 69 -4
-72 -100 -73
-72 -44 -46
-72 8 -15
-71 -75 42
-71 -72 2
-70 4 -44
-70 26 26
-69 3 88
-69 40 43
-69 49 -8
-69 66 55
-68 -64 36
-68 0 49
-68 51 -6
-68 65 40
-68 100 -99
-67 -38 98
-67 0 25
-67 72 8
-67 97 -9
-66 -50 30
-66 -31 -71
-65 -45 -14
-65 -28 -63
-65 88 47
-64 -63 -63
-64 -43 -34
-63 -65 -28
-63 -56 -33
-63 -24 -67
-62 49 -70
-61 -30 -20
-61 45 86
-60 -49 -93
-60 75 77
-59 -24 9
-59 -20 -7
-59 9 -5
-58 -93 -55
-58 -6 27
-58 44 91
-58 82 0
-57 30 90
-57 58 9
-56 5 -35
-56 40 -62
-56 50 -55
-55 -92 2
-54 -93 -22
-53 35 64
-53 77 51
-53 93 -94
-53 96 -65
-52 -12 -18
-52 92 -96
-51 49 -86
-51 97 51
-49 -69 71
-48 74 -24
-47 16 -88
-46 -3 23
-46 89 64
-45 54 -100
-45 61 97
-44 -83 -17
-44 -58 -33
-44 -55 26
-44 96 77
-43 -78 48
-43 58 -16
-43 59 -67
-43 65 -9
-42 -45 86
-42 28 -62
-42 80 84
-41 -39 69
-41 -38 75
-41 61 -25
-40 -66 -69
-40 -64 -27
-40 -1 -33
-38 0 23
-37 -24 -6
-37 63 -12
-35 17 2
-35 32 73
-35 95 75
-34 -92 -83
-34 -67 56
-34 -44 -9
-34 59 -100
-33 36 10
-33 53 -68
-33 73 -71
-33 89 56
-33 95 -60
-32 -68 -3
-32 -36 53
-32 -31 10
-32 20 -73
-32 73 -65
-31 -4 83
-31 63 97
-31 97 -33
-30 81 84
-29 -16 56
-28 -34 82
-28 -25 -69
-28 -11 82
-28 30 78
-28 45 -65
-28 63 86
-27 -11 -18
-26 -28 40
-26 63 79
-26 89 93
-25 35 -81
-24 -72 -5
-24 -44 -57
-23 32 -55
-23 40 -54
-23 85 -82
-22 -51 100
-22 24 24
-21 -99 -79
-21 -51 -64
-21 -48 -98
-21 40 -88
-20 -9 -1
-20 17 -100
-20 31 -42
-20 75 -38
-19 72 42
-18 -2 60
-17 -74 -14
-17 -66 14
-17 33 14
-16 -49 -100
-16 29 -79
-16 62 -97
-15 -60 3
-15 52 -72
-14 -51 -28
-14 -8 -12
-13 -60 -23
-13 0 2
-12 -52 -84
-12 3 -12
-12 8 -45
-11 87 75
-10 -100 95
-10 -93 -60
-9 -33 62
-8 -80 34
-8 -31 32
-7 -55 -26
-7 11 -66
-7 45 -50
-6 -89 -72
-6 -80 -13
-6 -79 32
-6 -49 -69
-5 -92 12
-4 2 35
-4 77 9
-3 -45 86
-3 64 95
-2 -43 23
-2 98 -47
-1 32 66
0 -57 -60
0 -47 83
0 -41 1
0 -39 -50
0 8 -58
0 17 88
0 21 -45
0 69 -30
0 72 40
1 -86 22
1 -80 16
1 -16 0
1 -16 7
1 -1 -30
1 72 -15
2 -50 -96
2 -11 47
2 -9 -33
2 74 -38
3 -93 -7
3 -65 -98
3 -49 37
3 51 45
5 -42 -82
5 49 23
5 93 45
5 94 -14
6 -78 5
7 -90 -68
7 -84 85
7 -51 -73
7 -43 86
7 16 59
7 98 78
8 -68 -24
8 -32 75
9 -72 5
9 -14 -59
10 76 7
12 -68 -13
12 -29 76
12 66 -23
12 80 -42
13 -45 73
13 -38 -22
13 69 -56
13 96 10
14 -73 -53
14 13 -39
15 -58 73
15 -1 93
15 50 -12
16 -40 -53
16 -40 -33
18 -96 22
18 -24 -18
18 -19 -19
18 36 -1
18 53 -60
19 79 -87
20 -38 -66
20 52 45
21 22 -43
21 38 -30
21 51 37
22 -83 -63
22 -67 26
22 40 -44
23 -17 45
23 17 99
23 72 90
23 85 -57
24 -66 -35
24 89 28
25 8 90
26 50 27
26 92 68
27 -70 -64
27 -23 -49
27 6 -28
28 14 -75
28 72 88
29 -33 55
29 -28 91
29 97 73
30 -49 20
30 50 -30
30 85 -94
31 -45 43
31 -21 -69
31 40 80
32 -84 91
32 86 69
33 -73 82
33 4 63
33 58 -47
33 85 69
34 -91 -89
34 -80 38
34 1 -22
35 -20 -80
35 5 -72
35 11 -93
36 -50 -39
36 7 -47
37 -53 -75
37 -52 -68
37 -19 34
37 15 5
37 23 58
38 -34 -4
38 -21 98
38 -20 -31
38 38 13
39 -16 76
39 97 50
40 -63 75
40 -45 -84
42 67 -97
43 -69 -46
43 -16 69
43 45 -54
44 -32 67
44 9 27
44 76 0
44 92 -80
45 70 87
45 87 -89
46 -34 -56
46 -26 -87
46 14 -43
46 49 15
47 -91 -17
47 83 86
48 -22 92
49 -64 -68
49 -39 81
50 -75 -90
50 -70 -64
50 -38 14
50 24 18
51 -81 -91
51 -54 -15
51 22 71
51 46 -42
52 -25 25
52 27 -1
52 58 19
54 -72 39
54 -57 59
54 -37 22
54 78 73
55 -85 0
55 2 69
56 -7 95
56 26 38
56 50 32
57 -80 -29
57 -39 -91
57 -20 61
58 -95 60
58 -89 -50
58 -74 37
58 -65 86
58 51 72
60 -35 32
61 -38 5
61 -18 19
61 -10 -44
61 37 -22
61 74 -94
62 -37 66
62 -29 -85
62 79 27
63 -45 41
63 -21 45
63 10 35
65 -97 84
66 5 -66
66 18 -67
66 79 -9
66 97 23
67 -80 40
67 81 -14
68 -17 41
69 -97 -48
69 -81 32
69 -36 -4
69 97 -75
70 -82 -51
70 -79 -86
70 -52 -2
70 -48 87
71 -16 -6
71 -15 -82
71 6 20
71 8 57
72 -25 -34
72 17 -84
72 82 47
73 -80 -4
73 -73 20
73 44 -74
74 -80 -98
74 -18 -46
74 -15 -43
74 12 -38
75 4 -22
75 13 18
75 14 -10
76 45 -8
77 -25 -71
77 -16 87
77 -2 -54
78 14 -59
79 -35 89
79 61 -51
80 -41 -82
80 3 -74
82 -99 32
82 -66 81
83 -91 -13
83 -70 -69
84 -46 -66
85 -7 -47
85 21 83
85 36 25
85 48 10
85 76 -58
86 -21 -49
86 0 31
87 -95 -13
88 34 -8
88 41 73
88 94 -72
89 -4 -30
89 9 83
89 69 -7
89 75 23
90 -94 97
90 -83 72
90 -51 11
91 -74 -2
91 -71 -33
91 42 -94
92 -28 -50
93 -57 2
93 -41 85
93 8 74
93 44 14
93 86 -100
94 -19 -58
94 -14 74
95 -25 81
95 -6 42
96 -50 -60
96 -22 -9
96 82 43
97 42 -29
98 24 59
99 14 -70
100 -47 -2
100 0 93
100 41 3
100 42 76
100 77 82